%YAML:1.0
---
K: !!opencv-matrix
   rows: 3
   cols: 3
   dt: d
   data: [ 6.1372742269880132e+02, 0., 3.2819951316307754e+02, 0.,
       6.1345375542961801e+02, 2.3944999699093449e+02, 0., 0., 1. ]
D: !!opencv-matrix
   rows: 1
   cols: 5
   dt: d
   data: [ -1.9959980055356497e-01, 8.0482380290727507e-01,
       1.0300704249405566e-04, 1.7005980584429224e-03,
       -1.1369201267572360e+00 ]
