%YAML:1.0
---
K: !!opencv-matrix
   rows: 3
   cols: 3
   dt: d
   data: [ 9.1797801935563086e+02, 0., 6.5065332854753478e+02, 0.,
       9.2117075897002917e+02, 3.6806712962096282e+02, 0., 0., 1. ]
D: !!opencv-matrix
   rows: 1
   cols: 5
   dt: d
   data: [ -1.3760131965740333e-01, 3.9135022738899616e-01,
       5.6188094568707862e-04, -9.0599111404192936e-05,
       -3.9674153455752842e-01 ]
