%YAML:1.0
---
K: !!opencv-matrix
   rows: 3
   cols: 3
   dt: d
   data: [ 6.3003752346745305e+03, 0., 2.5012998778074541e+02, 0.,
       1.4256463151430635e+03, 3.4404850579226468e+02, 0., 0., 1. ]
D: !!opencv-matrix
   rows: 1
   cols: 5
   dt: d
   data: [ -1.7274956836808300e+01, 1.7740421411639790e+02,
       -6.5109867378246078e-01, -1.5969469329403452e-01,
       3.4713723220473862e+03 ]
