%YAML:1.0
---
K: !!opencv-matrix
   rows: 3
   cols: 3
   dt: d
   data: [ 6.0970033462036270e+02, 0., 3.2687375993430413e+02, 0.,
       6.1248066338615058e+02, 2.4598693448706771e+02, 0., 0., 1. ]
D: !!opencv-matrix
   rows: 1
   cols: 5
   dt: d
   data: [ -1.2837495853489431e-01, 5.1141680082115626e-01,
       -5.4848123728119336e-03, 9.8262025176729887e-04,
       -6.5799290253358422e-01 ]
