%YAML:1.0
---
K: !!opencv-matrix
   rows: 3
   cols: 3
   dt: d
   data: [ 5.8718104268957211e+02, 0., 6.4829574220214408e+02, 0.,
       5.8584433616631679e+02, 3.5570940296165952e+02, 0., 0., 1. ]
D: !!opencv-matrix
   rows: 1
   cols: 5
   dt: d
   data: [ -3.3987052831721279e-02, 2.0149863761407759e-03,
       -2.5103651994219122e-03, -7.0817696114266484e-04,
       1.0037870286201478e-02 ]
