%YAML:1.0
---
K: !!opencv-matrix
   rows: 3
   cols: 3
   dt: d
   data: [ 9.9669654313105984e+03, 0., 2.6036232990466073e+02, 0.,
       1.5359856976822634e+03, 3.5022668194697320e+02, 0., 0., 1. ]
D: !!opencv-matrix
   rows: 1
   cols: 5
   dt: d
   data: [ -1.2017744537099905e+01, 6.7306995422977468e+02,
       -4.2658741208527651e-01, -4.9386116327764934e-01,
       -1.1133258127087522e+04 ]
