%YAML:1.0
---
K: !!opencv-matrix
   rows: 3
   cols: 3
   dt: d
   data: [ 6.3960803588463239e+02, 0., 6.3948854309084049e+02, 0.,
       6.3889503865008930e+02, 3.6720506316389310e+02, 0., 0., 1. ]
D: !!opencv-matrix
   rows: 1
   cols: 5
   dt: d
   data: [ -5.8055165795950547e-02, 7.8996740382793487e-02,
       5.9025898932468855e-04, -4.5675091227510882e-04,
       -2.8046668923122065e-02 ]
