%YAML:1.0
---
K: !!opencv-matrix
   rows: 3
   cols: 3
   dt: d
   data: [ 6.8359760750444593e+02, 0., 3.3962168677160474e+02, 0.,
       6.8467886900880660e+02, 2.4032214471678526e+02, 0., 0., 1. ]
D: !!opencv-matrix
   rows: 1
   cols: 5
   dt: d
   data: [ -2.4703587983221825e-01, 1.0289713829936098e+00,
       5.0371187547195934e-03, 6.6223047726823017e-03,
       -1.4651345912460934e+00 ]
