%YAML:1.0
---
K: !!opencv-matrix
   rows: 3
   cols: 3
   dt: d
   data: [ 6.1320806161586199e+02, 0., 3.1213750003361173e+02, 0.,
       6.1532716614967251e+02, 2.3812462175166183e+02, 0., 0., 1. ]
D: !!opencv-matrix
   rows: 1
   cols: 5
   dt: d
   data: [ -1.8733011128736274e-01, 9.3193348959937039e-01,
       9.0855233589987212e-04, -5.6378171216104056e-03,
       -1.6819631300295699e+00 ]
