%YAML:1.0
---
K: !!opencv-matrix
   rows: 3
   cols: 3
   dt: d
   data: [ 9.2168634370377674e+02, 0., 4.5957085030168355e+02, 0.,
       9.4175059451781556e+02, 5.5142065144267576e+02, 0., 0., 1. ]
D: !!opencv-matrix
   rows: 1
   cols: 5
   dt: d
   data: [ 1.9779289665706026e-01, -1.6619258726519391e-02,
       9.0955012427809248e-02, -4.7432595728815384e-02,
       1.0485893919727166e-02 ]
