%YAML:1.0
---
K: !!opencv-matrix
   rows: 3
   cols: 3
   dt: d
   data: [ 1.5958343630031914e+03, 0., 5.1600110937713623e+02, 0.,
       1.6163043964401738e+03, 4.4288180641314989e+02, 0., 0., 1. ]
D: !!opencv-matrix
   rows: 1
   cols: 5
   dt: d
   data: [ 2.9894136047231035e-01, -1.8786464242689975e+00,
       5.2876369430302453e-02, -6.0280812800683915e-03,
       1.5118610531084904e+01 ]
