%YAML:1.0
---
K: !!opencv-matrix
   rows: 3
   cols: 3
   dt: d
   data: [ 1.3764903327226480e+03, 0., 3.1431946986673591e+02, 0.,
       8.8959546356722274e+02, 8.6300978455701784e+02, 0., 0., 1. ]
D: !!opencv-matrix
   rows: 1
   cols: 5
   dt: d
   data: [ 1.4671004487660547e-01, -2.0481931455839826e-02,
       -2.0055018688917514e-02, -4.5899755818971814e-02,
       1.0114567165600691e-01 ]
