%YAML:1.0
---
K: !!opencv-matrix
   rows: 3
   cols: 3
   dt: d
   data: [ 1.0249443934776734e+03, 0., 4.2385656709504582e+02, 0.,
       1.0382554877562475e+03, 5.6981071490962756e+02, 0., 0., 1. ]
D: !!opencv-matrix
   rows: 1
   cols: 5
   dt: d
   data: [ 2.6779391997515989e-01, -6.1092472778218450e-02,
       6.5129560333170966e-02, -5.8322119498003540e-02,
       9.0442526914135974e-03 ]
