%YAML:1.0
---
K: !!opencv-matrix
   rows: 3
   cols: 3
   dt: d
   data: [ 9.5850787021178223e+02, 0., 6.5493952326933083e+02, 0.,
       9.5727462009706142e+02, 3.3715281038353163e+02, 0., 0., 1. ]
D: !!opencv-matrix
   rows: 1
   cols: 5
   dt: d
   data: [ -8.0565126523262684e-02, 2.2395988148344895e-01,
       1.8179815232165263e-03, -2.7196228600968450e-03,
       -2.0703717165278690e-01 ]
