%YAML:1.0
---
K: !!opencv-matrix
   rows: 3
   cols: 3
   dt: d
   data: [ 4.8203968045034089e+03, 0., 2.3894629548793537e+02, 0.,
       1.5296614642598895e+03, 3.1929833002807828e+02, 0., 0., 1. ]
D: !!opencv-matrix
   rows: 1
   cols: 5
   dt: d
   data: [ -2.2111576122121446e-01, -2.1064272554691474e+01,
       4.9607716943831206e-03, 1.7826049317819195e-02,
       -6.2474403568316461e+02 ]
