%YAML:1.0
---
K: !!opencv-matrix
   rows: 3
   cols: 3
   dt: d
   data: [ 6.0118109751913573e+02, 0., 3.2561686560841389e+02, 0.,
       6.0441621230388648e+02, 2.5810366558570485e+02, 0., 0., 1. ]
D: !!opencv-matrix
   rows: 1
   cols: 5
   dt: d
   data: [ -1.2424513366783102e-01, 3.2671505798326295e-01,
       5.0674189315185539e-03, 4.8304319859449217e-03,
       -1.9475686190917191e-01 ]
