%YAML:1.0
---
K: !!opencv-matrix
   rows: 3
   cols: 3
   dt: d
   data: [ 9.3752564396321111e+02, 0., 6.3763222275252690e+02, 0.,
       9.4042230119458623e+02, 3.6737035325864809e+02, 0., 0., 1. ]
D: !!opencv-matrix
   rows: 1
   cols: 5
   dt: d
   data: [ -1.3883084526727688e-01, 4.3138978129183420e-01,
       2.2653006988658519e-03, -6.1011167791445494e-03,
       -4.3111949938982902e-01 ]
