%YAML:1.0
---
K: !!opencv-matrix
   rows: 3
   cols: 3
   dt: d
   data: [ 6.1936182179058176e+02, 0., 3.3807833303948559e+02, 0.,
       6.2128224370573764e+02, 2.4669684951913686e+02, 0., 0., 1. ]
D: !!opencv-matrix
   rows: 1
   cols: 5
   dt: d
   data: [ -2.4968508987006449e-01, 1.3462839214337496e+00,
       3.6714040233223286e-04, 1.1786518090148004e-03,
       -2.4343331680930578e+00 ]
