%YAML:1.0
---
K: !!opencv-matrix
   rows: 3
   cols: 3
   dt: d
   data: [ 2.2106998428581205e+03, 0., 2.9991201875224056e+02, 0.,
       9.4839191276215035e+02, 8.3253418410665324e+02, 0., 0., 1. ]
D: !!opencv-matrix
   rows: 1
   cols: 5
   dt: d
   data: [ 3.9630926438929509e-01, 8.9885982174714607e-02,
       -1.2835533108981360e-02, 1.0902182145747806e-01,
       -2.1700332876962411e-01 ]
